[gd_scene load_steps=7 format=3 uid="uid://cp2qbthk8urx2"]

[ext_resource type="PackedScene" uid="uid://bc7fw6ecvwcv6" path="res://scenes/restaurant.tscn" id="1_ed4hd"]
[ext_resource type="Script" path="res://scenes/tutorial/tutorial_scene.gd" id="1_lt0ct"]
[ext_resource type="Script" path="res://scenes/tutorial/tutorial_point.gd" id="2_25uqi"]
[ext_resource type="StyleBox" uid="uid://cl0ts27mjapj1" path="res://scenes/tutorial/tutorial_text_box.tres" id="4_r5avi"]
[ext_resource type="PackedScene" uid="uid://03f307g5cj2y" path="res://nodes/customers/customer.tscn" id="5_qrxt3"]
[ext_resource type="AudioStream" uid="uid://4ula6jb1q52f" path="res://assets/sounds/move_swish.ogg" id="6_q8ir5"]

[node name="TutorialScene" type="Node3D"]
script = ExtResource("1_lt0ct")

[node name="Restaurant" parent="." instance=ExtResource("1_ed4hd")]

[node name="TutorialPoints" type="Node3D" parent="."]

[node name="Point0" type="Node3D" parent="TutorialPoints"]
transform = Transform3D(-0.87759, 0.203729, -0.433971, 0, 0.905213, 0.424956, 0.479412, 0.372938, -0.794406, -3.08127, 3.53951, -1.36506)
script = ExtResource("2_25uqi")
description = "Welcome to your new place of employment, human! Click to progress the tutorial."

[node name="Point1" type="Node3D" parent="TutorialPoints"]
transform = Transform3D(0.807967, 0.302574, -0.505606, 0, 0.858084, 0.513509, 0.589227, -0.414899, 0.693304, -2.28493, 2.46044, 3.49654)
script = ExtResource("2_25uqi")
description = "The service station is where you will take customer's orders and provide them sustenance. Interact with customers to take their order."

[node name="Point2" type="Node3D" parent="TutorialPoints"]
transform = Transform3D(-0.546138, 0.479258, -0.687055, 0, 0.820173, 0.572115, 0.837695, 0.312454, -0.447928, 0.984165, 2.70677, 1.92058)
script = ExtResource("2_25uqi")
description = "The sink is used to wash dishes, and the chopping board to cut food items. These tasks require you to stay at the station while they are being completed."

[node name="Point3" type="Node3D" parent="TutorialPoints" node_paths=PackedStringArray("station")]
transform = Transform3D(-0.988748, -0.0302011, 0.146506, 0, 0.979407, 0.201897, -0.149587, 0.199625, -0.968387, 0.354971, 2.20747, 3.03677)
script = ExtResource("2_25uqi")
description = "The fridge contains your necessary ingredients, and the trash can is used to dispose of your inevitable mistakes. Don't worry, the fridge is fully stocked."
station = NodePath("../../Restaurant/Stations/FridgeStation")

[node name="Point4" type="Node3D" parent="TutorialPoints"]
transform = Transform3D(-0.34444, -0.439266, 0.829703, 0, 0.883783, 0.467897, -0.938808, 0.161163, -0.304411, -0.875909, 2.16725, 2.21097)
script = ExtResource("2_25uqi")
description = "The stove can cook meat to make it ready for consumption. Be careful - it's hot! Food will burn if left on the stove for too long."

[node name="Point5" type="Node3D" parent="TutorialPoints"]
transform = Transform3D(1, 0, 0, 0, 0.983571, 0.180519, 0, -0.180519, 0.983571, 0, 2.868, 3.53)
script = ExtResource("2_25uqi")
description = "Get out there and start flipping some burgers!"

[node name="TutorialCam" type="Camera3D" parent="."]
transform = Transform3D(-0.714509, 0.197509, -0.671168, 0, 0.959324, 0.282306, 0.699626, 0.201711, -0.685446, -3.63945, 2.42401, -0.67098)
current = true

[node name="MarginContainer" type="MarginContainer" parent="."]
anchors_preset = 10
anchor_right = 1.0
offset_bottom = 47.0
grow_horizontal = 2
theme_override_constants/margin_left = 8
theme_override_constants/margin_top = 8
theme_override_constants/margin_right = 8
theme_override_constants/margin_bottom = 8

[node name="PanelContainer" type="PanelContainer" parent="MarginContainer"]
layout_mode = 2
theme_override_styles/panel = ExtResource("4_r5avi")

[node name="TutorialText" type="Label" parent="MarginContainer/PanelContainer"]
unique_name_in_owner = true
layout_mode = 2
autowrap_mode = 2

[node name="Customer" parent="." instance=ExtResource("5_qrxt3")]
transform = Transform3D(1, 0, 0, 0, 1, 0, 0, 0, 1, 0, 0, -1.3)

[node name="SwishAudio" type="AudioStreamPlayer" parent="."]
stream = ExtResource("6_q8ir5")
pitch_scale = 0.8

[editable path="Restaurant"]
