[gd_scene load_steps=4 format=3 uid="uid://bn7fbs3cbbhs7"]

[ext_resource type="Script" path="res://scenes/title/title_scene.gd" id="1_rdb1y"]
[ext_resource type="PackedScene" uid="uid://bc7fw6ecvwcv6" path="res://scenes/restaurant.tscn" id="2_a70bl"]
[ext_resource type="PackedScene" uid="uid://03f307g5cj2y" path="res://nodes/customers/customer.tscn" id="3_rcq0s"]

[node name="TitleScene" type="Node"]
script = ExtResource("1_rdb1y")

[node name="MarginContainer" type="MarginContainer" parent="."]
anchors_preset = 2
anchor_top = 1.0
anchor_bottom = 1.0
offset_top = -82.0
offset_right = 85.0
grow_vertical = 0
theme_override_constants/margin_left = 24
theme_override_constants/margin_top = 24
theme_override_constants/margin_right = 24
theme_override_constants/margin_bottom = 24

[node name="VBoxContainer" type="VBoxContainer" parent="MarginContainer"]
layout_mode = 2
theme_override_constants/separation = 8

[node name="PlayButton" type="Button" parent="MarginContainer/VBoxContainer"]
custom_minimum_size = Vector2(250, 0)
layout_mode = 2
text = "Play"

[node name="LevelSelectButton" type="Button" parent="MarginContainer/VBoxContainer"]
custom_minimum_size = Vector2(250, 0)
layout_mode = 2
disabled = true
text = "Level Select"

[node name="TutorialButton" type="Button" parent="MarginContainer/VBoxContainer"]
custom_minimum_size = Vector2(250, 0)
layout_mode = 2
text = "Tutorial"

[node name="ExitButton" type="Button" parent="MarginContainer/VBoxContainer"]
custom_minimum_size = Vector2(250, 0)
layout_mode = 2
text = "Exit"

[node name="Restaurant" parent="." instance=ExtResource("2_a70bl")]

[node name="CameraPivot" type="Node3D" parent="."]
transform = Transform3D(1, 0, 0, 0, 1, 0, 0, 0, 1, 0, 0, 2.67326)

[node name="Camera3D" type="Camera3D" parent="CameraPivot"]
transform = Transform3D(-0.856247, -0.255529, 0.448938, 0, 0.869082, 0.494669, -0.516566, 0.423559, -0.744149, 2.09851, 3.53001, -2.19381)

[node name="Customer" parent="." instance=ExtResource("3_rcq0s")]
transform = Transform3D(1, 0, 0, 0, 1, 0, 0, 0, 1, 0, 0, -1.3)

[node name="Customer2" parent="." instance=ExtResource("3_rcq0s")]
transform = Transform3D(1, 0, 0, 0, 1, 0, 0, 0, 1, 0, 0, -3.08418)

[node name="Customer3" parent="." instance=ExtResource("3_rcq0s")]
transform = Transform3D(0.847363, 0, 0.531014, 0, 1, 0, -0.531014, 0, 0.847363, -3.77611, 0, -3.5319)

[node name="Customer4" parent="." instance=ExtResource("3_rcq0s")]
transform = Transform3D(-0.932362, 0, -0.361527, 0, 1, 0, 0.361527, 0, -0.932362, 4.3585, 0, -3.15617)

[connection signal="pressed" from="MarginContainer/VBoxContainer/PlayButton" to="." method="_start_game"]
[connection signal="pressed" from="MarginContainer/VBoxContainer/TutorialButton" to="." method="_start_tutorial"]
[connection signal="pressed" from="MarginContainer/VBoxContainer/ExitButton" to="." method="_exit_game"]
